375, 0.981
[3, 32, 512, 0.01, 0.0001]
376, 1.000
[3, 32, 256, 0.001, 1e-06]
377, 0.963
[3, 32, 512, 0.01, 0.0001]
378, 0.996
[3, 16, 512, 0.001, 1e-05]
379, 0.979
[3, 32, 1024, 0.001, 0.0001]
380, 0.995
[3, 32, 1024, 0.001, 0.0001]
381, 1.000
[3, 16, 256, 0.001, 1e-05]
382, 0.980
[3, 16, 1024, 0.01, 1e-05]
383, 0.982
[3, 64, 128, 0.01, 1e-06]
384, 0.979
[3, 64, 128, 0.01, 1e-06]
385, 0.979
[3, 64, 256, 0.001, 0.0001]
386, 0.988
[3, 64, 256, 0.001, 0.0001]
387, 1.000
[3, 64, 1024, 0.001, 1e-06]
388, 0.983
[3, 64, 256, 0.001, 1e-05]
389, 1.000
[3, 32, 512, 0.01, 1e-06]
390, 0.989
[3, 16, 128, 0.001, 1e-06]
391, 0.954
[3, 32, 128, 0.01, 1e-05]
392, 1.000
[3, 32, 1024, 0.001, 1e-05]
393, 0.981
[3, 64, 512, 0.001, 0.0001]
394, 0.995
[3, 16, 256, 0.01, 1e-06]
395, 0.995
[3, 64, 256, 0.01, 1e-06]
396, 0.999
[3, 64, 128, 0.001, 1e-06]
397, 1.000
[3, 32, 128, 0.001, 0.0001]
398, 0.966
[3, 64, 512, 0.01, 1e-06]
399, 0.995
[3, 16, 256, 0.01, 1e-06]
400, 0.982
[3, 32, 1024, 0.01, 1e-05]
401, 0.981
[3, 32, 1024, 0.01, 0.0001]
402, 0.995
[3, 32, 1024, 0.01, 1e-06]
403, 0.995
[3, 32, 128, 0.001, 1e-05]
404, 1.000
[3, 32, 128, 0.001, 1e-05]
405, 0.995
[3, 32, 512, 0.01, 0.0001]
406, 0.996
[3, 32, 512, 0.001, 1e-06]
407, 0.965
[3, 32, 256, 0.01, 0.0001]
408, 0.963
[3, 64, 128, 0.01, 0.0001]
409, 0.982
[3, 64, 512, 0.001, 1e-06]
410, 1.000
[3, 16, 128, 0.001, 1e-05]
411, 0.980
[3, 32, 128, 0.001, 0.0001]
412, 0.983
[3, 16, 256, 0.001, 1e-05]
413, 1.000
[3, 64, 128, 0.001, 0.0001]
414, 1.000
[3, 16, 256, 0.001, 0.0001]
415, 0.982
[3, 16, 128, 0.001, 1e-05]
416, 0.991
[3, 32, 128, 0.01, 0.0001]
417, 0.983
[3, 32, 128, 0.001, 0.0001]
418, 1.000
[3, 16, 128, 0.001, 0.0001]
419, 1.000
[3, 32, 128, 0.01, 1e-06]
420, 1.000
[3, 16, 512, 0.001, 1e-06]
421, 0.991
[3, 64, 1024, 0.01, 1e-06]
422, 1.000
[3, 32, 1024, 0.001, 1e-06]
423, 0.995
[3, 32, 512, 0.001, 1e-06]
424, 0.963
[3, 64, 1024, 0.001, 1e-06]
425, 0.963
[3, 64, 256, 0.001, 0.0001]
426, 1.000
[3, 16, 1024, 0.01, 1e-06]
427, 0.991
[3, 32, 1024, 0.01, 1e-05]
428, 0.995
[3, 16, 256, 0.001, 1e-06]
429, 0.979
[3, 32, 128, 0.001, 0.0001]
430, 1.000
[3, 64, 512, 0.001, 0.0001]
431, 1.000
[3, 16, 256, 0.001, 0.0001]
432, 1.000
[3, 32, 128, 0.01, 0.0001]
433, 1.000
[3, 64, 128, 0.001, 1e-05]
434, 0.990
[3, 16, 512, 0.001, 0.0001]
435, 1.000
[3, 64, 128, 0.001, 1e-06]
436, 0.991
[3, 32, 128, 0.01, 0.0001]
437, 0.996
[3, 32, 256, 0.01, 0.0001]
438, 1.000
[3, 16, 1024, 0.01, 1e-06]
439, 1.000
[3, 16, 512, 0.01, 1e-06]
440, 1.000
[3, 64, 128, 0.001, 0.0001]
441, 0.995
[3, 64, 1024, 0.001, 1e-05]
442, 1.000
[3, 16, 512, 0.01, 1e-05]
443, 0.989
[3, 64, 256, 0.001, 1e-05]
444, 0.961
[3, 64, 256, 0.001, 0.0001]
445, 0.979
[3, 32, 128, 0.01, 0.0001]
446, 0.995
[3, 64, 512, 0.001, 1e-05]
447, 0.996
[3, 64, 512, 0.001, 0.0001]
448, 0.957
[3, 16, 1024, 0.01, 0.0001]
449, 0.991
[3, 32, 128, 0.01, 0.0001]
450, 0.980
[3, 16, 256, 0.001, 0.0001]
451, 0.966
[3, 32, 128, 0.001, 1e-05]
452, 0.981
[3, 32, 128, 0.001, 0.0001]
453, 0.976
[3, 32, 256, 0.001, 1e-05]
454, 1.000
[3, 32, 256, 0.001, 1e-05]
455, 1.000
[3, 16, 1024, 0.01, 0.0001]
456, 0.999
[3, 32, 512, 0.01, 1e-05]
457, 0.960
[3, 16, 512, 0.01, 1e-05]
458, 0.968
[3, 64, 128, 0.01, 1e-05]
459, 1.000
[3, 16, 128, 0.001, 1e-06]
460, 0.961
[3, 64, 1024, 0.001, 1e-06]
461, 0.958
[3, 16, 512, 0.001, 1e-06]
462, 1.000
[3, 64, 512, 0.001, 0.0001]
463, 0.989
[3, 16, 512, 0.01, 0.0001]
464, 1.000
[3, 16, 1024, 0.01, 0.0001]
465, 1.000
[3, 64, 256, 0.001, 0.0001]
466, 1.000
[3, 64, 512, 0.001, 1e-06]
467, 0.977
[3, 32, 128, 0.001, 1e-06]
468, 0.994
[3, 64, 1024, 0.001, 0.0001]
469, 0.980
[3, 64, 512, 0.01, 1e-05]
470, 0.996
[3, 64, 256, 0.001, 1e-06]
471, 0.983
[3, 32, 256, 0.001, 1e-05]
472, 1.000
[3, 64, 128, 0.001, 1e-05]
473, 1.000
[3, 64, 1024, 0.001, 1e-05]
474, 1.000
[3, 32, 128, 0.001, 0.0001]
475, 0.977
[3, 16, 1024, 0.01, 1e-05]
476, 0.965
[3, 32, 128, 0.01, 1e-06]
477, 1.000
[3, 64, 128, 0.001, 1e-06]
478, 0.995
[3, 64, 128, 0.01, 1e-06]
479, 0.958
[3, 32, 256, 0.001, 1e-06]
480, 0.978
[3, 32, 1024, 0.01, 1e-05]
481, 1.000
[3, 32, 1024, 0.01, 1e-05]
482, 0.995
[3, 16, 256, 0.001, 0.0001]
483, 1.000
[3, 32, 128, 0.001, 1e-05]
484, 0.989
[3, 64, 256, 0.01, 1e-06]
485, 0.996
[3, 32, 128, 0.001, 1e-06]
486, 0.995
[3, 64, 128, 0.001, 0.0001]
487, 0.979
[3, 32, 512, 0.01, 1e-06]
488, 0.983
[3, 32, 1024, 0.001, 1e-05]
489, 0.984
[3, 64, 1024, 0.01, 0.0001]
490, 0.982
[3, 64, 128, 0.001, 0.0001]
491, 0.978
[3, 16, 128, 0.001, 0.0001]
492, 1.000
[3, 16, 512, 0.001, 0.0001]
493, 1.000
[3, 64, 256, 0.01, 1e-06]
494, 0.995
[3, 64, 1024, 0.001, 0.0001]
495, 1.000
[3, 32, 256, 0.01, 1e-06]
496, 0.989
[3, 16, 512, 0.01, 1e-06]
497, 0.977
[3, 64, 512, 0.001, 1e-06]
498, 0.996
[3, 16, 128, 0.001, 1e-06]
499, 0.995
[3, 16, 128, 0.001, 1e-05]
