0, 1.000
[3, 32, 1024, 0.001, 1e-05]
1, 0.965
[3, 32, 128, 0.001, 1e-06]
2, 0.978
[3, 32, 128, 0.01, 0.0001]
3, 0.980
[3, 64, 256, 0.01, 0.0001]
4, 0.994
[3, 16, 512, 0.01, 0.0001]
5, 0.981
[3, 32, 256, 0.01, 0.0001]
6, 0.995
[3, 32, 128, 0.001, 1e-06]
7, 0.959
[3, 64, 128, 0.01, 1e-06]
8, 1.000
[3, 64, 1024, 0.001, 1e-05]
9, 0.990
[3, 32, 512, 0.01, 0.0001]
10, 0.982
[3, 16, 1024, 0.01, 0.0001]
11, 0.980
[3, 64, 512, 0.01, 0.0001]
12, 0.982
[3, 32, 512, 0.001, 1e-05]
13, 0.994
[3, 16, 512, 0.01, 1e-05]
14, 1.000
[3, 16, 128, 0.001, 0.0001]
15, 0.979
[3, 32, 1024, 0.01, 1e-05]
16, 0.962
[3, 16, 128, 0.001, 1e-05]
17, 0.980
[3, 32, 512, 0.001, 1e-05]
18, 1.000
[3, 16, 512, 0.01, 0.0001]
19, 0.983
[3, 64, 256, 0.01, 1e-06]
20, 0.965
[3, 32, 256, 0.001, 0.0001]
21, 1.000
[3, 32, 256, 0.001, 1e-05]
22, 0.960
[3, 64, 512, 0.01, 0.0001]
23, 1.000
[3, 16, 1024, 0.01, 1e-05]
24, 0.990
[3, 32, 256, 0.01, 1e-05]
25, 0.964
[3, 32, 1024, 0.001, 0.0001]
26, 1.000
[3, 32, 256, 0.001, 0.0001]
27, 0.982
[3, 32, 256, 0.01, 1e-05]
28, 1.000
[3, 16, 512, 0.01, 0.0001]
29, 1.000
[3, 64, 128, 0.001, 1e-05]
30, 0.996
[3, 64, 1024, 0.001, 0.0001]
31, 1.000
[3, 32, 256, 0.001, 1e-05]
32, 0.983
[3, 64, 128, 0.001, 0.0001]
33, 1.000
[3, 32, 256, 0.01, 0.0001]
34, 0.978
[3, 16, 128, 0.001, 1e-05]
35, 0.995
[3, 16, 512, 0.001, 1e-05]
36, 0.999
[3, 16, 1024, 0.001, 1e-05]
37, 0.996
[3, 64, 512, 0.001, 1e-05]
38, 0.999
[3, 64, 256, 0.001, 1e-05]
39, 1.000
[3, 64, 1024, 0.001, 1e-05]
40, 1.000
[3, 64, 512, 0.01, 1e-05]
41, 1.000
[3, 64, 1024, 0.01, 0.0001]
42, 0.981
[3, 64, 128, 0.01, 1e-06]
43, 0.990
[3, 16, 256, 0.001, 1e-05]
44, 0.981
[3, 64, 512, 0.001, 0.0001]
45, 0.962
[3, 32, 1024, 0.001, 1e-06]
46, 0.982
[3, 32, 256, 0.01, 1e-05]
47, 0.995
[3, 32, 128, 0.001, 0.0001]
48, 0.979
[3, 16, 512, 0.01, 0.0001]
49, 0.982
[3, 64, 128, 0.001, 1e-06]
50, 0.981
[3, 64, 512, 0.001, 0.0001]
51, 1.000
[3, 64, 1024, 0.001, 0.0001]
52, 0.989
[3, 64, 512, 0.01, 1e-05]
53, 0.976
[3, 32, 128, 0.001, 1e-06]
54, 0.981
[3, 16, 128, 0.001, 1e-06]
55, 0.996
[3, 32, 512, 0.001, 1e-06]
56, 0.995
[3, 16, 128, 0.01, 0.0001]
57, 0.995
[3, 32, 256, 0.001, 1e-06]
58, 0.991
[3, 32, 256, 0.01, 1e-06]
59, 1.000
[3, 64, 256, 0.01, 1e-06]
60, 0.982
[3, 16, 128, 0.001, 0.0001]
61, 0.995
[3, 64, 1024, 0.001, 0.0001]
62, 0.995
[3, 64, 512, 0.001, 1e-05]
63, 0.996
[3, 16, 512, 0.01, 0.0001]
64, 1.000
[3, 16, 512, 0.01, 1e-06]
65, 0.992
[3, 32, 128, 0.001, 1e-06]
66, 0.959
[3, 32, 256, 0.01, 0.0001]
67, 1.000
[3, 16, 1024, 0.001, 1e-06]
68, 0.996
[3, 64, 256, 0.01, 0.0001]
69, 0.987
[3, 64, 128, 0.001, 0.0001]
70, 1.000
[3, 16, 128, 0.001, 0.0001]
71, 1.000
[3, 16, 256, 0.001, 0.0001]
72, 1.000
[3, 32, 128, 0.001, 1e-06]
73, 0.963
[3, 32, 1024, 0.01, 1e-06]
74, 0.990
[3, 64, 256, 0.001, 1e-06]
75, 1.000
[3, 32, 256, 0.01, 0.0001]
76, 1.000
[3, 64, 256, 0.001, 1e-05]
77, 0.990
[3, 32, 1024, 0.01, 1e-06]
78, 0.991
[3, 64, 128, 0.01, 1e-05]
79, 0.991
[3, 32, 512, 0.01, 1e-05]
80, 0.994
[3, 16, 128, 0.001, 1e-05]
81, 0.990
[3, 64, 256, 0.01, 1e-06]
82, 0.966
[3, 32, 128, 0.001, 1e-06]
83, 0.995
[3, 32, 256, 0.001, 0.0001]
84, 1.000
[3, 16, 256, 0.01, 1e-05]
85, 0.980
[3, 16, 512, 0.001, 0.0001]
86, 1.000
[3, 32, 512, 0.001, 0.0001]
87, 0.996
[3, 32, 128, 0.01, 1e-05]
88, 0.996
[3, 64, 512, 0.01, 0.0001]
89, 0.995
[3, 64, 256, 0.001, 0.0001]
90, 1.000
[3, 64, 256, 0.001, 0.0001]
91, 1.000
[3, 32, 512, 0.01, 1e-05]
92, 1.000
[3, 64, 512, 0.01, 1e-05]
93, 0.978
[3, 16, 1024, 0.01, 1e-05]
94, 0.996
[3, 64, 128, 0.001, 0.0001]
95, 0.988
[3, 16, 256, 0.01, 0.0001]
96, 1.000
[3, 16, 128, 0.01, 1e-06]
97, 0.962
[3, 64, 512, 0.01, 0.0001]
98, 1.000
[3, 64, 128, 0.001, 0.0001]
99, 0.965
[3, 32, 256, 0.01, 0.0001]
100, 0.980
[3, 32, 128, 0.001, 1e-05]
101, 0.980
[3, 64, 128, 0.001, 1e-06]
102, 1.000
[3, 64, 256, 0.001, 1e-06]
103, 1.000
[3, 64, 512, 0.01, 1e-05]
104, 0.990
[3, 64, 1024, 0.01, 1e-06]
105, 1.000
[3, 32, 128, 0.001, 1e-06]
106, 1.000
[3, 32, 256, 0.01, 1e-06]
107, 1.000
[3, 32, 128, 0.01, 0.0001]
108, 1.000
[3, 32, 128, 0.01, 0.0001]
109, 0.996
[3, 16, 256, 0.01, 1e-05]
110, 1.000
[3, 32, 512, 0.001, 1e-05]
111, 1.000
[3, 32, 128, 0.001, 0.0001]
112, 0.995
[3, 16, 128, 0.001, 1e-05]
113, 0.959
[3, 32, 512, 0.001, 0.0001]
114, 1.000
[3, 32, 512, 0.001, 1e-05]
115, 0.960
[3, 32, 128, 0.001, 1e-05]
116, 0.990
[3, 32, 256, 0.01, 0.0001]
117, 1.000
[3, 16, 512, 0.01, 1e-05]
118, 1.000
[3, 64, 1024, 0.001, 0.0001]
119, 0.964
[3, 64, 128, 0.001, 1e-06]
120, 0.976
[3, 32, 512, 0.001, 0.0001]
121, 1.000
[3, 16, 256, 0.001, 1e-05]
122, 0.999
[3, 16, 1024, 0.001, 1e-05]
123, 0.991
[3, 32, 1024, 0.01, 0.0001]
124, 0.990
[3, 16, 128, 0.01, 1e-05]
