875, 1.000
[3, 16, 256, 0.001, 0.0001]
876, 0.990
[3, 32, 1024, 0.001, 1e-05]
877, 0.990
[3, 32, 1024, 0.001, 1e-06]
878, 0.984
[3, 64, 256, 0.001, 1e-05]
879, 1.000
[3, 16, 1024, 0.01, 1e-06]
880, 0.990
[3, 16, 256, 0.01, 1e-06]
881, 1.000
[3, 64, 1024, 0.01, 1e-06]
882, 0.983
[3, 16, 256, 0.01, 1e-06]
883, 1.000
[3, 16, 256, 0.001, 0.0001]
884, 1.000
[3, 16, 256, 0.001, 1e-05]
885, 0.994
[3, 32, 512, 0.01, 1e-06]
886, 1.000
[3, 16, 128, 0.01, 0.0001]
887, 1.000
[3, 32, 1024, 0.001, 0.0001]
888, 1.000
[3, 64, 1024, 0.01, 1e-05]
889, 0.981
[3, 32, 128, 0.001, 1e-05]
890, 0.995
[3, 32, 256, 0.001, 1e-05]
891, 0.961
[3, 16, 512, 0.01, 1e-06]
892, 0.958
[3, 32, 256, 0.01, 1e-06]
893, 0.987
[3, 32, 1024, 0.001, 1e-06]
894, 0.965
[3, 64, 512, 0.01, 1e-05]
895, 1.000
[3, 64, 512, 0.001, 1e-05]
896, 0.982
[3, 32, 256, 0.01, 0.0001]
897, 1.000
[3, 32, 512, 0.01, 0.0001]
898, 0.985
[3, 32, 128, 0.001, 1e-05]
899, 0.965
[3, 64, 256, 0.001, 0.0001]
900, 1.000
[3, 16, 512, 0.001, 1e-06]
901, 0.981
[3, 16, 128, 0.01, 1e-05]
902, 1.000
[3, 32, 256, 0.01, 1e-05]
903, 0.982
[3, 64, 256, 0.001, 1e-06]
904, 1.000
[3, 64, 512, 0.01, 1e-06]
905, 0.982
[3, 32, 128, 0.001, 0.0001]
906, 1.000
[3, 16, 128, 0.01, 1e-06]
907, 1.000
[3, 32, 128, 0.001, 1e-06]
908, 0.995
[3, 16, 1024, 0.01, 1e-05]
909, 0.992
[3, 32, 256, 0.01, 0.0001]
910, 1.000
[3, 32, 1024, 0.01, 0.0001]
911, 1.000
[3, 64, 128, 0.001, 1e-05]
912, 1.000
[3, 16, 256, 0.001, 1e-06]
913, 0.982
[3, 64, 128, 0.001, 1e-06]
914, 1.000
[3, 64, 128, 0.01, 0.0001]
915, 0.981
[3, 16, 1024, 0.001, 0.0001]
916, 0.982
[3, 16, 1024, 0.01, 1e-06]
917, 0.989
[3, 64, 512, 0.001, 1e-06]
918, 1.000
[3, 64, 128, 0.01, 1e-05]
919, 0.990
[3, 16, 512, 0.01, 1e-06]
920, 0.995
[3, 64, 512, 0.001, 0.0001]
921, 0.995
[3, 16, 512, 0.01, 0.0001]
922, 0.996
[3, 16, 128, 0.01, 1e-05]
923, 0.995
[3, 64, 1024, 0.01, 1e-05]
924, 1.000
[3, 64, 256, 0.001, 1e-06]
925, 0.958
[3, 32, 1024, 0.01, 0.0001]
926, 0.995
[3, 64, 256, 0.01, 1e-05]
927, 0.980
[3, 64, 256, 0.001, 1e-05]
928, 1.000
[3, 64, 512, 0.01, 1e-05]
929, 0.979
[3, 16, 512, 0.001, 1e-06]
930, 0.983
[3, 16, 512, 0.001, 0.0001]
931, 0.981
[3, 32, 256, 0.001, 0.0001]
932, 0.995
[3, 64, 512, 0.001, 1e-06]
933, 0.995
[3, 32, 256, 0.001, 1e-05]
934, 0.990
[3, 64, 512, 0.01, 0.0001]
935, 0.995
[3, 32, 512, 0.01, 1e-05]
936, 0.982
[3, 16, 512, 0.001, 0.0001]
937, 0.964
[3, 64, 128, 0.01, 1e-05]
938, 0.995
[3, 32, 128, 0.001, 1e-05]
939, 0.980
[3, 16, 128, 0.01, 0.0001]
940, 0.995
[3, 64, 512, 0.001, 0.0001]
941, 0.991
[3, 16, 128, 0.001, 1e-06]
942, 0.979
[3, 64, 256, 0.01, 1e-05]
943, 0.978
[3, 16, 128, 0.01, 1e-05]
944, 0.991
[3, 64, 128, 0.01, 1e-06]
945, 0.980
[3, 32, 128, 0.001, 1e-05]
946, 1.000
[3, 16, 128, 0.001, 0.0001]
947, 0.990
[3, 16, 256, 0.001, 1e-06]
948, 1.000
[3, 64, 512, 0.01, 0.0001]
949, 0.996
[3, 32, 1024, 0.001, 1e-05]
950, 0.979
[3, 16, 1024, 0.001, 1e-05]
951, 0.957
[3, 16, 512, 0.01, 1e-06]
952, 0.981
[3, 32, 256, 0.01, 1e-05]
953, 1.000
[3, 64, 512, 0.001, 1e-06]
954, 0.960
[3, 32, 1024, 0.001, 1e-05]
955, 1.000
[3, 64, 512, 0.001, 0.0001]
956, 1.000
[3, 16, 1024, 0.01, 1e-05]
957, 0.996
[3, 64, 512, 0.001, 1e-05]
958, 0.981
[3, 32, 256, 0.001, 1e-06]
959, 0.962
[3, 64, 1024, 0.001, 1e-05]
960, 0.996
[3, 32, 1024, 0.001, 1e-06]
961, 0.995
[3, 64, 128, 0.001, 1e-06]
962, 1.000
[3, 32, 128, 0.001, 0.0001]
963, 1.000
[3, 64, 256, 0.01, 0.0001]
964, 0.996
[3, 64, 1024, 0.001, 1e-05]
965, 0.988
[3, 32, 512, 0.001, 1e-06]
966, 0.968
[3, 16, 128, 0.001, 1e-05]
967, 0.989
[3, 64, 128, 0.01, 1e-06]
968, 1.000
[3, 64, 128, 0.001, 0.0001]
969, 0.995
[3, 64, 512, 0.001, 0.0001]
970, 0.962
[3, 32, 128, 0.001, 1e-06]
971, 0.994
[3, 16, 128, 0.01, 1e-06]
972, 1.000
[3, 32, 256, 0.01, 1e-05]
973, 0.960
[3, 64, 1024, 0.01, 1e-05]
974, 0.994
[3, 64, 128, 0.001, 1e-05]
975, 1.000
[3, 16, 128, 0.001, 0.0001]
976, 1.000
[3, 16, 256, 0.01, 1e-05]
977, 0.994
[3, 16, 128, 0.01, 0.0001]
978, 1.000
[3, 64, 256, 0.001, 0.0001]
979, 0.964
[3, 64, 1024, 0.001, 0.0001]
980, 1.000
[3, 32, 128, 0.01, 1e-06]
981, 1.000
[3, 64, 256, 0.01, 0.0001]
982, 1.000
[3, 32, 512, 0.001, 1e-06]
983, 0.978
[3, 16, 256, 0.001, 1e-05]
984, 1.000
[3, 64, 1024, 0.001, 0.0001]
985, 1.000
[3, 32, 512, 0.01, 1e-06]
986, 0.995
[3, 16, 256, 0.01, 1e-05]
987, 0.981
[3, 64, 128, 0.001, 1e-05]
988, 1.000
[3, 64, 512, 0.01, 1e-06]
989, 1.000
[3, 64, 512, 0.001, 0.0001]
990, 0.996
[3, 64, 256, 0.001, 1e-06]
991, 1.000
[3, 16, 128, 0.001, 0.0001]
992, 0.957
[3, 16, 1024, 0.01, 1e-05]
993, 0.981
[3, 64, 512, 0.01, 1e-06]
994, 0.989
[3, 32, 256, 0.001, 1e-05]
995, 1.000
[3, 16, 256, 0.01, 0.0001]
996, 0.981
[3, 64, 512, 0.01, 1e-05]
997, 1.000
[3, 16, 256, 0.001, 1e-05]
998, 1.000
[3, 64, 128, 0.01, 0.0001]
999, 0.979
[3, 64, 512, 0.001, 1e-05]
