750, 1.000
[3, 16, 512, 0.01, 1e-05]
751, 0.983
[3, 32, 256, 0.001, 1e-06]
752, 0.995
[3, 32, 128, 0.01, 0.0001]
753, 0.995
[3, 64, 1024, 0.001, 1e-06]
754, 0.982
[3, 16, 128, 0.01, 1e-06]
755, 0.962
[3, 32, 1024, 0.001, 1e-05]
756, 0.996
[3, 64, 512, 0.01, 1e-05]
757, 1.000
[3, 32, 512, 0.001, 1e-06]
758, 1.000
[3, 32, 512, 0.01, 0.0001]
759, 0.962
[3, 32, 512, 0.001, 0.0001]
760, 0.981
[3, 16, 128, 0.001, 0.0001]
761, 0.995
[3, 32, 256, 0.001, 0.0001]
762, 0.996
[3, 16, 512, 0.01, 0.0001]
763, 0.961
[3, 16, 256, 0.01, 0.0001]
764, 0.999
[3, 16, 1024, 0.01, 1e-05]
765, 0.995
[3, 32, 256, 0.01, 0.0001]
766, 0.993
[3, 64, 256, 0.001, 0.0001]
767, 0.996
[3, 16, 1024, 0.001, 1e-06]
768, 0.981
[3, 32, 1024, 0.001, 1e-05]
769, 0.982
[3, 64, 256, 0.01, 0.0001]
770, 0.995
[3, 32, 256, 0.001, 1e-05]
771, 0.980
[3, 64, 256, 0.01, 1e-06]
772, 0.978
[3, 32, 512, 0.01, 0.0001]
773, 0.995
[3, 32, 1024, 0.01, 1e-05]
774, 0.995
[3, 32, 256, 0.001, 1e-05]
775, 0.963
[3, 16, 1024, 0.01, 0.0001]
776, 0.990
[3, 64, 256, 0.001, 1e-05]
777, 0.980
[3, 32, 256, 0.01, 0.0001]
778, 0.980
[3, 32, 512, 0.01, 1e-05]
779, 0.990
[3, 32, 256, 0.01, 0.0001]
780, 0.999
[3, 32, 512, 0.001, 1e-05]
781, 0.995
[3, 32, 1024, 0.001, 1e-05]
782, 0.996
[3, 64, 256, 0.001, 0.0001]
783, 0.995
[3, 16, 128, 0.001, 0.0001]
784, 0.995
[3, 64, 256, 0.001, 0.0001]
785, 1.000
[3, 32, 512, 0.01, 1e-06]
786, 0.982
[3, 32, 128, 0.01, 1e-06]
787, 0.988
[3, 64, 1024, 0.001, 1e-06]
788, 0.995
[3, 64, 128, 0.01, 0.0001]
789, 0.995
[3, 32, 128, 0.001, 0.0001]
790, 0.995
[3, 16, 512, 0.01, 0.0001]
791, 1.000
[3, 64, 128, 0.01, 1e-05]
792, 0.995
[3, 64, 128, 0.001, 1e-05]
793, 1.000
[3, 64, 256, 0.01, 1e-05]
794, 0.961
[3, 16, 256, 0.001, 1e-05]
795, 0.990
[3, 16, 128, 0.01, 1e-05]
796, 0.979
[3, 64, 256, 0.001, 1e-05]
797, 0.982
[3, 32, 512, 0.01, 1e-05]
798, 1.000
[3, 32, 256, 0.001, 0.0001]
799, 0.990
[3, 32, 256, 0.001, 1e-06]
800, 1.000
[3, 16, 256, 0.001, 1e-06]
801, 0.995
[3, 32, 1024, 0.01, 0.0001]
802, 0.980
[3, 64, 512, 0.01, 1e-05]
803, 1.000
[3, 16, 256, 0.01, 1e-05]
804, 0.996
[3, 16, 256, 0.001, 1e-05]
805, 1.000
[3, 64, 512, 0.01, 1e-06]
806, 1.000
[3, 64, 128, 0.001, 1e-05]
807, 0.963
[3, 64, 512, 0.001, 1e-06]
808, 0.962
[3, 32, 128, 0.001, 1e-05]
809, 0.990
[3, 64, 128, 0.01, 0.0001]
810, 0.994
[3, 32, 128, 0.001, 0.0001]
811, 0.983
[3, 32, 128, 0.01, 1e-05]
812, 0.992
[3, 32, 128, 0.001, 1e-05]
813, 0.962
[3, 32, 256, 0.001, 0.0001]
814, 1.000
[3, 64, 256, 0.01, 0.0001]
815, 0.995
[3, 16, 128, 0.001, 1e-06]
816, 0.990
[3, 64, 128, 0.01, 1e-05]
817, 1.000
[3, 32, 256, 0.01, 1e-06]
818, 0.999
[3, 64, 128, 0.01, 1e-05]
819, 1.000
[3, 64, 256, 0.001, 1e-06]
820, 0.985
[3, 32, 128, 0.01, 1e-06]
821, 1.000
[3, 16, 128, 0.001, 0.0001]
822, 1.000
[3, 16, 1024, 0.001, 1e-06]
823, 0.995
[3, 32, 128, 0.001, 0.0001]
824, 1.000
[3, 16, 128, 0.01, 0.0001]
825, 0.999
[3, 64, 256, 0.001, 1e-05]
826, 0.968
[3, 64, 256, 0.01, 1e-05]
827, 0.993
[3, 64, 256, 0.01, 1e-06]
828, 1.000
[3, 64, 256, 0.01, 1e-06]
829, 1.000
[3, 64, 256, 0.001, 1e-06]
830, 0.959
[3, 32, 256, 0.01, 1e-05]
831, 1.000
[3, 64, 256, 0.01, 1e-06]
832, 1.000
[3, 16, 512, 0.01, 1e-06]
833, 1.000
[3, 64, 512, 0.001, 0.0001]
834, 0.990
[3, 32, 128, 0.001, 0.0001]
835, 0.984
[3, 16, 512, 0.001, 0.0001]
836, 0.994
[3, 64, 256, 0.01, 1e-05]
837, 0.995
[3, 32, 256, 0.001, 1e-05]
838, 0.983
[3, 32, 128, 0.01, 0.0001]
839, 0.996
[3, 64, 128, 0.01, 1e-05]
840, 1.000
[3, 32, 512, 0.001, 0.0001]
841, 1.000
[3, 32, 128, 0.001, 1e-05]
842, 1.000
[3, 64, 128, 0.001, 1e-05]
843, 1.000
[3, 64, 512, 0.01, 1e-05]
844, 1.000
[3, 32, 128, 0.001, 1e-06]
845, 0.980
[3, 16, 128, 0.001, 1e-05]
846, 1.000
[3, 64, 256, 0.001, 0.0001]
847, 1.000
[3, 32, 1024, 0.001, 1e-05]
848, 0.981
[3, 32, 128, 0.01, 1e-06]
849, 0.996
[3, 16, 512, 0.01, 0.0001]
850, 0.989
[3, 64, 512, 0.001, 0.0001]
851, 0.962
[3, 64, 512, 0.01, 0.0001]
852, 1.000
[3, 16, 128, 0.01, 1e-05]
853, 1.000
[3, 64, 512, 0.001, 1e-06]
854, 0.978
[3, 64, 128, 0.01, 1e-05]
855, 0.995
[3, 32, 128, 0.001, 1e-05]
856, 1.000
[3, 64, 1024, 0.01, 1e-05]
857, 0.993
[3, 64, 512, 0.001, 1e-05]
858, 0.961
[3, 32, 512, 0.001, 0.0001]
859, 0.989
[3, 64, 256, 0.001, 1e-05]
860, 1.000
[3, 32, 256, 0.01, 0.0001]
861, 0.978
[3, 16, 128, 0.001, 0.0001]
862, 0.962
[3, 32, 1024, 0.01, 1e-05]
863, 1.000
[3, 64, 128, 0.01, 0.0001]
864, 0.981
[3, 32, 256, 0.01, 1e-06]
865, 1.000
[3, 16, 512, 0.01, 1e-06]
866, 0.968
[3, 64, 1024, 0.01, 1e-06]
867, 0.981
[3, 16, 128, 0.01, 1e-05]
868, 0.985
[3, 64, 128, 0.01, 1e-05]
869, 0.992
[3, 16, 128, 0.001, 1e-06]
870, 0.980
[3, 16, 1024, 0.001, 1e-06]
871, 1.000
[3, 16, 1024, 0.01, 1e-06]
872, 0.981
[3, 16, 128, 0.001, 0.0001]
873, 1.000
[3, 64, 128, 0.001, 0.0001]
874, 0.964
[3, 16, 128, 0.001, 1e-06]
