250, 1.000
[3, 64, 512, 0.01, 1e-05]
251, 0.981
[3, 64, 128, 0.01, 1e-06]
252, 0.959
[3, 64, 128, 0.001, 1e-05]
253, 0.992
[3, 32, 256, 0.01, 1e-06]
254, 0.999
[3, 32, 128, 0.01, 1e-06]
255, 0.994
[3, 16, 256, 0.01, 1e-06]
256, 0.966
[3, 64, 512, 0.01, 1e-05]
257, 0.995
[3, 32, 256, 0.01, 1e-05]
258, 0.995
[3, 64, 128, 0.001, 0.0001]
259, 0.990
[3, 64, 256, 0.01, 0.0001]
260, 0.994
[3, 32, 256, 0.001, 0.0001]
261, 0.982
[3, 16, 128, 0.01, 0.0001]
262, 0.978
[3, 32, 1024, 0.001, 1e-06]
263, 0.958
[3, 64, 512, 0.01, 0.0001]
264, 1.000
[3, 64, 512, 0.01, 1e-05]
265, 1.000
[3, 64, 512, 0.001, 1e-05]
266, 1.000
[3, 64, 1024, 0.01, 0.0001]
267, 1.000
[3, 16, 128, 0.01, 0.0001]
268, 0.990
[3, 16, 128, 0.001, 1e-05]
269, 0.982
[3, 64, 128, 0.001, 0.0001]
270, 0.981
[3, 64, 256, 0.01, 1e-06]
271, 1.000
[3, 64, 512, 0.01, 1e-05]
272, 0.995
[3, 16, 128, 0.001, 0.0001]
273, 0.980
[3, 16, 1024, 0.01, 1e-06]
274, 0.999
[3, 64, 1024, 0.01, 1e-06]
275, 0.989
[3, 32, 512, 0.01, 1e-05]
276, 1.000
[3, 64, 1024, 0.001, 0.0001]
277, 0.983
[3, 64, 1024, 0.001, 0.0001]
278, 1.000
[3, 32, 256, 0.001, 1e-05]
279, 0.980
[3, 16, 512, 0.01, 1e-06]
280, 0.995
[3, 16, 1024, 0.01, 1e-06]
281, 0.958
[3, 64, 128, 0.001, 1e-06]
282, 1.000
[3, 64, 128, 0.001, 1e-05]
283, 1.000
[3, 16, 256, 0.001, 1e-05]
284, 1.000
[3, 16, 128, 0.01, 1e-05]
285, 0.981
[3, 32, 1024, 0.01, 1e-05]
286, 0.996
[3, 32, 512, 0.01, 1e-06]
287, 0.995
[3, 32, 512, 0.01, 1e-06]
288, 1.000
[3, 16, 512, 0.001, 1e-05]
289, 1.000
[3, 64, 128, 0.01, 1e-05]
290, 0.989
[3, 64, 256, 0.01, 0.0001]
291, 0.991
[3, 32, 256, 0.001, 1e-05]
292, 0.999
[3, 32, 256, 0.01, 1e-06]
293, 0.988
[3, 32, 512, 0.01, 1e-05]
294, 0.995
[3, 32, 512, 0.01, 1e-06]
295, 0.980
[3, 32, 1024, 0.01, 1e-05]
296, 1.000
[3, 16, 512, 0.001, 1e-06]
297, 0.979
[3, 16, 256, 0.001, 1e-06]
298, 1.000
[3, 32, 128, 0.001, 0.0001]
299, 1.000
[3, 64, 512, 0.01, 1e-05]
300, 0.978
[3, 64, 256, 0.001, 0.0001]
301, 0.995
[3, 32, 128, 0.01, 1e-06]
302, 0.981
[3, 64, 512, 0.001, 1e-05]
303, 0.995
[3, 32, 512, 0.01, 0.0001]
304, 1.000
[3, 64, 128, 0.001, 0.0001]
305, 1.000
[3, 16, 128, 0.01, 1e-05]
306, 1.000
[3, 64, 256, 0.001, 0.0001]
307, 1.000
[3, 64, 512, 0.001, 0.0001]
308, 0.980
[3, 64, 128, 0.001, 1e-05]
309, 0.958
[3, 16, 1024, 0.01, 0.0001]
310, 0.980
[3, 16, 128, 0.01, 1e-05]
311, 0.995
[3, 32, 128, 0.001, 1e-05]
312, 1.000
[3, 32, 1024, 0.01, 0.0001]
313, 1.000
[3, 64, 256, 0.001, 0.0001]
314, 1.000
[3, 32, 256, 0.01, 0.0001]
315, 0.980
[3, 16, 256, 0.001, 1e-06]
316, 1.000
[3, 32, 1024, 0.001, 1e-06]
317, 0.988
[3, 64, 128, 0.01, 1e-06]
318, 1.000
[3, 32, 128, 0.01, 0.0001]
319, 1.000
[3, 32, 128, 0.01, 1e-05]
320, 0.989
[3, 16, 256, 0.01, 0.0001]
321, 0.980
[3, 32, 128, 0.001, 1e-06]
322, 0.961
[3, 16, 256, 0.001, 0.0001]
323, 0.980
[3, 32, 128, 0.01, 1e-05]
324, 1.000
[3, 32, 512, 0.01, 1e-06]
325, 0.981
[3, 64, 1024, 0.001, 0.0001]
326, 0.990
[3, 16, 128, 0.01, 1e-06]
327, 1.000
[3, 32, 1024, 0.001, 1e-05]
328, 1.000
[3, 64, 128, 0.01, 1e-06]
329, 0.995
[3, 32, 512, 0.01, 0.0001]
330, 0.981
[3, 16, 256, 0.001, 1e-06]
331, 1.000
[3, 64, 512, 0.001, 1e-05]
332, 0.980
[3, 64, 1024, 0.001, 0.0001]
333, 0.982
[3, 16, 1024, 0.01, 1e-06]
334, 0.999
[3, 16, 512, 0.01, 1e-06]
335, 0.990
[3, 64, 128, 0.01, 1e-05]
336, 1.000
[3, 64, 512, 0.001, 1e-05]
337, 0.980
[3, 32, 256, 0.01, 1e-05]
338, 0.994
[3, 32, 1024, 0.01, 1e-06]
339, 1.000
[3, 16, 128, 0.001, 1e-06]
340, 1.000
[3, 16, 128, 0.001, 0.0001]
341, 0.976
[3, 16, 128, 0.01, 0.0001]
342, 1.000
[3, 64, 512, 0.001, 1e-06]
343, 0.996
[3, 64, 1024, 0.001, 0.0001]
344, 0.996
[3, 16, 1024, 0.01, 1e-05]
345, 1.000
[3, 32, 1024, 0.01, 1e-05]
346, 1.000
[3, 32, 128, 0.001, 1e-06]
347, 0.995
[3, 16, 128, 0.001, 0.0001]
348, 0.990
[3, 16, 1024, 0.01, 1e-05]
349, 0.995
[3, 64, 512, 0.01, 0.0001]
350, 1.000
[3, 32, 256, 0.01, 1e-05]
351, 0.962
[3, 64, 128, 0.001, 1e-06]
352, 0.990
[3, 32, 1024, 0.001, 1e-05]
353, 0.982
[3, 64, 1024, 0.01, 1e-06]
354, 1.000
[3, 64, 512, 0.01, 1e-05]
355, 0.995
[3, 32, 128, 0.001, 1e-06]
356, 0.995
[3, 32, 256, 0.001, 0.0001]
357, 0.988
[3, 64, 128, 0.01, 1e-06]
358, 1.000
[3, 16, 128, 0.01, 1e-06]
359, 0.979
[3, 32, 1024, 0.001, 1e-05]
360, 0.980
[3, 16, 1024, 0.01, 0.0001]
361, 0.992
[3, 16, 128, 0.01, 1e-05]
362, 0.992
[3, 16, 256, 0.01, 1e-05]
363, 0.991
[3, 64, 256, 0.01, 1e-05]
364, 0.961
[3, 64, 128, 0.01, 1e-06]
365, 0.990
[3, 32, 128, 0.001, 0.0001]
366, 0.979
[3, 64, 256, 0.001, 1e-05]
367, 0.965
[3, 64, 1024, 0.001, 1e-06]
368, 1.000
[3, 16, 256, 0.001, 1e-06]
369, 1.000
[3, 64, 256, 0.01, 0.0001]
370, 0.983
[3, 16, 128, 0.001, 1e-05]
371, 0.990
[3, 16, 128, 0.01, 1e-05]
372, 0.980
[3, 64, 128, 0.01, 0.0001]
373, 1.000
[3, 16, 512, 0.001, 0.0001]
374, 0.995
[3, 32, 512, 0.01, 0.0001]
