625, 0.983
[3, 64, 256, 0.001, 1e-06]
626, 0.983
[3, 16, 1024, 0.01, 1e-05]
627, 0.994
[3, 32, 512, 0.001, 1e-05]
628, 0.996
[3, 32, 1024, 0.001, 1e-06]
629, 1.000
[3, 16, 128, 0.001, 1e-05]
630, 0.982
[3, 64, 128, 0.001, 1e-05]
631, 0.981
[3, 32, 128, 0.001, 1e-05]
632, 0.995
[3, 64, 128, 0.01, 1e-06]
633, 0.995
[3, 64, 128, 0.001, 1e-05]
634, 1.000
[3, 64, 128, 0.001, 1e-05]
635, 1.000
[3, 32, 1024, 0.001, 1e-05]
636, 0.980
[3, 16, 128, 0.001, 1e-06]
637, 0.980
[3, 16, 1024, 0.001, 1e-05]
638, 0.979
[3, 64, 256, 0.001, 1e-05]
639, 1.000
[3, 64, 128, 0.001, 1e-05]
640, 1.000
[3, 64, 256, 0.01, 0.0001]
641, 0.966
[3, 16, 1024, 0.001, 1e-06]
642, 0.995
[3, 64, 128, 0.01, 1e-05]
643, 1.000
[3, 64, 512, 0.01, 0.0001]
644, 0.983
[3, 32, 128, 0.01, 1e-05]
645, 1.000
[3, 64, 1024, 0.001, 1e-05]
646, 0.978
[3, 64, 256, 0.001, 0.0001]
647, 1.000
[3, 64, 128, 0.01, 1e-06]
648, 0.996
[3, 16, 512, 0.01, 1e-06]
649, 1.000
[3, 64, 128, 0.01, 0.0001]
650, 0.991
[3, 64, 1024, 0.01, 1e-05]
651, 0.982
[3, 32, 128, 0.001, 1e-06]
652, 0.981
[3, 64, 128, 0.01, 0.0001]
653, 0.995
[3, 16, 512, 0.01, 1e-06]
654, 0.982
[3, 16, 256, 0.01, 0.0001]
655, 1.000
[3, 64, 128, 0.01, 1e-05]
656, 0.996
[3, 16, 512, 0.001, 0.0001]
657, 1.000
[3, 16, 1024, 0.01, 1e-06]
658, 1.000
[3, 64, 128, 0.01, 1e-05]
659, 1.000
[3, 64, 128, 0.001, 1e-05]
660, 0.983
[3, 64, 512, 0.01, 1e-05]
661, 1.000
[3, 32, 1024, 0.01, 1e-05]
662, 1.000
[3, 64, 128, 0.001, 0.0001]
663, 0.963
[3, 64, 256, 0.001, 0.0001]
664, 0.983
[3, 64, 1024, 0.001, 1e-06]
665, 0.982
[3, 64, 512, 0.01, 1e-06]
666, 0.994
[3, 32, 128, 0.001, 1e-06]
667, 0.980
[3, 64, 256, 0.001, 0.0001]
668, 0.988
[3, 16, 128, 0.01, 1e-05]
669, 0.989
[3, 16, 1024, 0.01, 1e-06]
670, 0.979
[3, 64, 256, 0.001, 1e-06]
671, 0.991
[3, 16, 256, 0.01, 0.0001]
672, 0.979
[3, 64, 128, 0.01, 1e-06]
673, 0.983
[3, 32, 256, 0.001, 1e-06]
674, 0.995
[3, 16, 256, 0.01, 1e-05]
675, 0.966
[3, 32, 128, 0.001, 1e-05]
676, 1.000
[3, 64, 1024, 0.001, 0.0001]
677, 0.983
[3, 64, 256, 0.01, 1e-05]
678, 0.996
[3, 32, 128, 0.001, 1e-06]
679, 1.000
[3, 16, 512, 0.001, 0.0001]
680, 0.965
[3, 16, 128, 0.01, 1e-05]
681, 0.979
[3, 16, 512, 0.001, 1e-05]
682, 0.995
[3, 64, 256, 0.001, 0.0001]
683, 0.994
[3, 64, 1024, 0.001, 1e-06]
684, 0.999
[3, 32, 1024, 0.01, 1e-06]
685, 0.995
[3, 32, 128, 0.01, 1e-05]
686, 0.982
[3, 16, 512, 0.001, 1e-05]
687, 0.963
[3, 64, 128, 0.001, 1e-06]
688, 0.996
[3, 16, 256, 0.001, 1e-05]
689, 0.981
[3, 32, 512, 0.001, 1e-06]
690, 0.960
[3, 16, 128, 0.001, 0.0001]
691, 0.995
[3, 32, 256, 0.001, 1e-05]
692, 0.990
[3, 64, 512, 0.01, 0.0001]
693, 1.000
[3, 64, 512, 0.001, 1e-06]
694, 0.969
[3, 32, 128, 0.001, 0.0001]
695, 0.995
[3, 16, 128, 0.001, 1e-06]
696, 0.968
[3, 16, 128, 0.001, 1e-05]
697, 0.988
[3, 16, 128, 0.01, 1e-05]
698, 0.995
[3, 64, 512, 0.01, 0.0001]
699, 0.983
[3, 32, 256, 0.001, 0.0001]
700, 1.000
[3, 64, 512, 0.001, 1e-06]
701, 0.995
[3, 32, 128, 0.01, 1e-05]
702, 0.961
[3, 16, 512, 0.01, 0.0001]
703, 1.000
[3, 64, 512, 0.001, 0.0001]
704, 0.992
[3, 64, 512, 0.01, 1e-06]
705, 0.977
[3, 16, 128, 0.01, 1e-05]
706, 0.990
[3, 64, 128, 0.001, 1e-05]
707, 0.963
[3, 64, 512, 0.01, 0.0001]
708, 0.995
[3, 16, 512, 0.001, 1e-06]
709, 0.996
[3, 16, 128, 0.001, 1e-05]
710, 0.977
[3, 16, 128, 0.01, 1e-05]
711, 0.995
[3, 32, 128, 0.01, 0.0001]
712, 0.978
[3, 64, 256, 0.001, 1e-06]
713, 0.990
[3, 32, 256, 0.001, 1e-05]
714, 0.988
[3, 32, 128, 0.001, 1e-05]
715, 0.989
[3, 64, 256, 0.01, 0.0001]
716, 1.000
[3, 32, 256, 0.001, 1e-06]
717, 0.989
[3, 16, 128, 0.001, 1e-05]
718, 0.995
[3, 64, 128, 0.01, 0.0001]
719, 0.989
[3, 32, 1024, 0.01, 0.0001]
720, 1.000
[3, 64, 256, 0.001, 0.0001]
721, 1.000
[3, 64, 128, 0.001, 0.0001]
722, 0.990
[3, 16, 256, 0.01, 0.0001]
723, 0.979
[3, 64, 256, 0.001, 1e-05]
724, 0.978
[3, 16, 1024, 0.001, 0.0001]
725, 0.990
[3, 32, 1024, 0.001, 1e-06]
726, 1.000
[3, 64, 256, 0.001, 1e-06]
727, 0.984
[3, 16, 256, 0.001, 1e-05]
728, 0.984
[3, 32, 1024, 0.01, 1e-05]
729, 0.980
[3, 64, 128, 0.001, 1e-06]
730, 1.000
[3, 32, 128, 0.01, 1e-05]
731, 0.996
[3, 32, 128, 0.01, 1e-06]
732, 0.982
[3, 32, 256, 0.01, 1e-06]
733, 1.000
[3, 64, 256, 0.001, 0.0001]
734, 0.981
[3, 64, 512, 0.001, 1e-05]
735, 0.967
[3, 64, 256, 0.01, 0.0001]
736, 1.000
[3, 32, 128, 0.001, 1e-05]
737, 1.000
[3, 16, 512, 0.001, 0.0001]
738, 1.000
[3, 32, 512, 0.01, 0.0001]
739, 0.982
[3, 64, 512, 0.001, 0.0001]
740, 0.989
[3, 32, 256, 0.001, 1e-05]
741, 0.996
[3, 16, 256, 0.001, 0.0001]
742, 0.996
[3, 64, 512, 0.001, 1e-06]
743, 0.995
[3, 64, 512, 0.01, 1e-06]
744, 1.000
[3, 64, 256, 0.001, 1e-05]
745, 1.000
[3, 16, 256, 0.001, 1e-05]
746, 0.981
[3, 64, 128, 0.01, 1e-05]
747, 1.000
[3, 32, 1024, 0.01, 1e-05]
748, 0.996
[3, 32, 256, 0.001, 0.0001]
749, 0.966
[3, 32, 128, 0.001, 0.0001]
