500, 0.996
[3, 64, 1024, 0.001, 1e-06]
501, 0.962
[3, 16, 256, 0.01, 1e-06]
502, 0.995
[3, 32, 128, 0.01, 1e-05]
503, 1.000
[3, 32, 128, 0.001, 1e-06]
504, 0.966
[3, 64, 512, 0.01, 1e-05]
505, 0.989
[3, 32, 512, 0.01, 1e-05]
506, 1.000
[3, 32, 128, 0.01, 1e-06]
507, 0.984
[3, 32, 256, 0.001, 1e-05]
508, 0.995
[3, 16, 512, 0.01, 0.0001]
509, 0.981
[3, 64, 512, 0.01, 1e-05]
510, 0.982
[3, 64, 512, 0.001, 1e-06]
511, 0.981
[3, 64, 128, 0.01, 1e-05]
512, 0.996
[3, 32, 1024, 0.001, 0.0001]
513, 0.978
[3, 32, 1024, 0.01, 1e-05]
514, 0.995
[3, 32, 256, 0.001, 1e-06]
515, 1.000
[3, 32, 512, 0.01, 1e-05]
516, 0.979
[3, 32, 128, 0.001, 0.0001]
517, 0.980
[3, 64, 256, 0.001, 1e-05]
518, 0.995
[3, 64, 128, 0.001, 1e-05]
519, 0.995
[3, 16, 256, 0.01, 1e-06]
520, 0.980
[3, 16, 512, 0.01, 1e-05]
521, 0.996
[3, 32, 512, 0.01, 0.0001]
522, 0.980
[3, 64, 128, 0.001, 1e-05]
523, 0.992
[3, 32, 512, 0.01, 1e-05]
524, 0.995
[3, 64, 256, 0.01, 1e-05]
525, 0.989
[3, 16, 1024, 0.01, 0.0001]
526, 1.000
[3, 64, 128, 0.001, 0.0001]
527, 1.000
[3, 64, 256, 0.001, 1e-05]
528, 1.000
[3, 64, 256, 0.001, 1e-06]
529, 0.982
[3, 64, 1024, 0.001, 1e-06]
530, 0.981
[3, 32, 256, 0.001, 1e-06]
531, 0.978
[3, 32, 256, 0.001, 0.0001]
532, 0.991
[3, 64, 1024, 0.001, 1e-06]
533, 0.980
[3, 64, 1024, 0.001, 1e-05]
534, 1.000
[3, 64, 256, 0.001, 1e-05]
535, 0.962
[3, 32, 512, 0.001, 1e-05]
536, 1.000
[3, 32, 512, 0.001, 0.0001]
537, 1.000
[3, 64, 128, 0.001, 1e-06]
538, 1.000
[3, 64, 256, 0.01, 0.0001]
539, 1.000
[3, 64, 128, 0.01, 0.0001]
540, 0.965
[3, 16, 128, 0.001, 1e-06]
541, 1.000
[3, 16, 256, 0.01, 1e-05]
542, 0.999
[3, 16, 256, 0.01, 1e-05]
543, 0.990
[3, 64, 256, 0.01, 0.0001]
544, 0.991
[3, 64, 128, 0.001, 0.0001]
545, 0.983
[3, 16, 1024, 0.001, 1e-06]
546, 1.000
[3, 64, 1024, 0.001, 1e-06]
547, 1.000
[3, 32, 512, 0.001, 1e-06]
548, 1.000
[3, 16, 512, 0.01, 1e-05]
549, 1.000
[3, 32, 512, 0.001, 1e-06]
550, 0.959
[3, 64, 512, 0.01, 0.0001]
551, 1.000
[3, 64, 128, 0.001, 1e-05]
552, 1.000
[3, 64, 128, 0.01, 0.0001]
553, 0.994
[3, 64, 512, 0.001, 0.0001]
554, 0.988
[3, 16, 256, 0.001, 1e-05]
555, 0.981
[3, 32, 128, 0.001, 0.0001]
556, 1.000
[3, 16, 1024, 0.001, 1e-05]
557, 0.965
[3, 16, 256, 0.01, 1e-06]
558, 1.000
[3, 32, 1024, 0.01, 0.0001]
559, 0.995
[3, 16, 512, 0.01, 1e-06]
560, 0.996
[3, 32, 512, 0.01, 0.0001]
561, 0.984
[3, 32, 128, 0.01, 0.0001]
562, 0.995
[3, 16, 256, 0.001, 1e-05]
563, 0.988
[3, 64, 128, 0.01, 1e-05]
564, 0.995
[3, 16, 512, 0.01, 1e-05]
565, 0.954
[3, 64, 512, 0.01, 0.0001]
566, 0.977
[3, 64, 128, 0.01, 1e-06]
567, 1.000
[3, 16, 512, 0.001, 0.0001]
568, 0.991
[3, 64, 256, 0.01, 0.0001]
569, 1.000
[3, 16, 1024, 0.01, 0.0001]
570, 0.981
[3, 16, 128, 0.01, 1e-06]
571, 0.994
[3, 64, 1024, 0.001, 1e-06]
572, 0.995
[3, 16, 256, 0.01, 0.0001]
573, 0.995
[3, 64, 512, 0.01, 1e-06]
574, 0.980
[3, 64, 256, 0.001, 0.0001]
575, 0.982
[3, 32, 512, 0.01, 0.0001]
576, 0.980
[3, 32, 512, 0.01, 1e-05]
577, 1.000
[3, 64, 128, 0.01, 1e-06]
578, 0.990
[3, 32, 256, 0.001, 1e-06]
579, 0.982
[3, 16, 256, 0.001, 1e-05]
580, 0.994
[3, 64, 256, 0.01, 1e-05]
581, 1.000
[3, 64, 512, 0.01, 1e-06]
582, 1.000
[3, 32, 256, 0.001, 1e-06]
583, 1.000
[3, 32, 256, 0.01, 1e-06]
584, 0.995
[3, 16, 512, 0.001, 1e-06]
585, 0.982
[3, 16, 512, 0.001, 1e-05]
586, 1.000
[3, 32, 1024, 0.01, 0.0001]
587, 0.980
[3, 32, 128, 0.01, 0.0001]
588, 0.991
[3, 16, 512, 0.01, 1e-05]
589, 1.000
[3, 32, 128, 0.01, 0.0001]
590, 1.000
[3, 64, 256, 0.001, 1e-06]
591, 0.994
[3, 32, 256, 0.001, 0.0001]
592, 1.000
[3, 64, 512, 0.001, 1e-05]
593, 1.000
[3, 16, 256, 0.001, 0.0001]
594, 0.983
[3, 32, 1024, 0.001, 0.0001]
595, 0.967
[3, 16, 1024, 0.01, 0.0001]
596, 1.000
[3, 64, 256, 0.01, 0.0001]
597, 0.994
[3, 32, 256, 0.001, 1e-05]
598, 0.996
[3, 16, 128, 0.01, 1e-06]
599, 0.982
[3, 64, 128, 0.01, 0.0001]
600, 0.991
[3, 16, 256, 0.001, 0.0001]
601, 0.994
[3, 16, 256, 0.01, 0.0001]
602, 0.996
[3, 64, 1024, 0.001, 0.0001]
603, 0.996
[3, 64, 512, 0.01, 1e-06]
604, 0.979
[3, 16, 256, 0.001, 0.0001]
605, 1.000
[3, 32, 512, 0.001, 1e-06]
606, 0.957
[3, 64, 256, 0.01, 1e-05]
607, 1.000
[3, 32, 256, 0.001, 0.0001]
608, 0.994
[3, 32, 512, 0.001, 1e-06]
609, 1.000
[3, 16, 128, 0.01, 0.0001]
610, 0.996
[3, 64, 512, 0.01, 0.0001]
611, 0.964
[3, 32, 512, 0.001, 0.0001]
612, 0.981
[3, 64, 128, 0.001, 1e-06]
613, 1.000
[3, 32, 256, 0.001, 1e-05]
614, 0.995
[3, 16, 256, 0.01, 1e-05]
615, 0.995
[3, 64, 256, 0.001, 1e-05]
616, 0.965
[3, 64, 512, 0.001, 1e-05]
617, 0.981
[3, 64, 256, 0.01, 1e-05]
618, 0.980
[3, 16, 256, 0.01, 1e-05]
619, 0.982
[3, 64, 512, 0.001, 1e-05]
620, 0.991
[3, 64, 128, 0.01, 1e-06]
621, 0.980
[3, 32, 1024, 0.001, 1e-05]
622, 0.964
[3, 64, 1024, 0.01, 1e-06]
623, 1.000
[3, 32, 256, 0.01, 1e-06]
624, 0.990
[3, 64, 1024, 0.001, 0.0001]
