125, 0.994
[3, 64, 512, 0.01, 0.0001]
126, 0.990
[3, 64, 256, 0.01, 1e-05]
127, 0.981
[3, 32, 128, 0.001, 1e-06]
128, 1.000
[3, 32, 512, 0.01, 0.0001]
129, 0.977
[3, 64, 512, 0.01, 0.0001]
130, 0.990
[3, 64, 512, 0.001, 0.0001]
131, 0.962
[3, 64, 512, 0.001, 1e-06]
132, 1.000
[3, 64, 512, 0.01, 0.0001]
133, 0.984
[3, 32, 1024, 0.001, 0.0001]
134, 0.982
[3, 64, 512, 0.01, 1e-06]
135, 0.981
[3, 64, 128, 0.001, 0.0001]
136, 1.000
[3, 64, 128, 0.01, 0.0001]
137, 0.994
[3, 64, 1024, 0.001, 0.0001]
138, 1.000
[3, 64, 256, 0.01, 1e-06]
139, 0.994
[3, 32, 512, 0.001, 1e-05]
140, 0.961
[3, 64, 128, 0.01, 0.0001]
141, 0.995
[3, 16, 128, 0.01, 1e-05]
142, 0.979
[3, 64, 256, 0.01, 0.0001]
143, 1.000
[3, 16, 256, 0.001, 1e-05]
144, 0.995
[3, 32, 1024, 0.001, 0.0001]
145, 0.995
[3, 16, 256, 0.001, 1e-05]
146, 1.000
[3, 64, 128, 0.001, 1e-05]
147, 0.977
[3, 32, 128, 0.001, 1e-05]
148, 0.995
[3, 32, 128, 0.001, 1e-06]
149, 0.983
[3, 64, 256, 0.01, 0.0001]
150, 0.963
[3, 32, 128, 0.001, 1e-06]
151, 1.000
[3, 64, 512, 0.001, 0.0001]
152, 1.000
[3, 32, 256, 0.001, 0.0001]
153, 1.000
[3, 32, 128, 0.001, 0.0001]
154, 0.982
[3, 16, 128, 0.001, 0.0001]
155, 0.979
[3, 64, 512, 0.01, 0.0001]
156, 0.999
[3, 32, 256, 0.01, 0.0001]
157, 0.995
[3, 32, 256, 0.01, 0.0001]
158, 1.000
[3, 16, 512, 0.001, 0.0001]
159, 1.000
[3, 64, 512, 0.001, 0.0001]
160, 0.995
[3, 64, 512, 0.01, 0.0001]
161, 0.981
[3, 16, 1024, 0.01, 0.0001]
162, 0.990
[3, 32, 256, 0.001, 1e-05]
163, 0.980
[3, 32, 128, 0.001, 1e-06]
164, 0.995
[3, 64, 1024, 0.001, 0.0001]
165, 0.989
[3, 64, 256, 0.01, 1e-05]
166, 0.995
[3, 64, 256, 0.001, 0.0001]
167, 0.977
[3, 64, 128, 0.01, 1e-05]
168, 0.980
[3, 32, 512, 0.001, 0.0001]
169, 1.000
[3, 64, 1024, 0.001, 0.0001]
170, 0.992
[3, 16, 128, 0.01, 0.0001]
171, 0.966
[3, 64, 128, 0.01, 1e-06]
172, 0.983
[3, 32, 128, 0.001, 1e-06]
173, 0.991
[3, 32, 1024, 0.001, 0.0001]
174, 0.995
[3, 64, 256, 0.001, 1e-06]
175, 0.990
[3, 32, 512, 0.01, 0.0001]
176, 0.963
[3, 64, 1024, 0.01, 1e-05]
177, 0.979
[3, 32, 512, 0.01, 1e-05]
178, 1.000
[3, 32, 512, 0.001, 1e-05]
179, 1.000
[3, 32, 512, 0.01, 1e-05]
180, 0.995
[3, 32, 512, 0.01, 1e-05]
181, 0.995
[3, 64, 256, 0.001, 1e-06]
182, 0.981
[3, 64, 512, 0.01, 1e-06]
183, 0.978
[3, 16, 1024, 0.01, 0.0001]
184, 1.000
[3, 32, 512, 0.01, 0.0001]
185, 0.995
[3, 64, 128, 0.001, 1e-05]
186, 1.000
[3, 32, 512, 0.01, 0.0001]
187, 0.990
[3, 32, 512, 0.001, 1e-05]
188, 0.995
[3, 16, 512, 0.01, 1e-05]
189, 0.990
[3, 64, 128, 0.001, 1e-05]
190, 0.963
[3, 64, 512, 0.001, 0.0001]
191, 0.981
[3, 64, 512, 0.01, 0.0001]
192, 0.996
[3, 64, 512, 0.001, 1e-05]
193, 0.962
[3, 32, 128, 0.001, 0.0001]
194, 1.000
[3, 16, 128, 0.001, 1e-05]
195, 0.996
[3, 32, 128, 0.01, 1e-06]
196, 1.000
[3, 64, 256, 0.01, 0.0001]
197, 0.963
[3, 64, 128, 0.01, 0.0001]
198, 0.996
[3, 64, 256, 0.001, 0.0001]
199, 0.991
[3, 64, 1024, 0.01, 1e-06]
200, 1.000
[3, 64, 128, 0.001, 1e-05]
201, 0.988
[3, 32, 128, 0.001, 1e-06]
202, 0.995
[3, 64, 256, 0.001, 0.0001]
203, 1.000
[3, 32, 128, 0.001, 0.0001]
204, 0.980
[3, 32, 512, 0.01, 0.0001]
205, 0.963
[3, 16, 512, 0.01, 0.0001]
206, 1.000
[3, 64, 256, 0.001, 1e-06]
207, 0.994
[3, 64, 128, 0.001, 1e-05]
208, 1.000
[3, 64, 1024, 0.001, 0.0001]
209, 0.991
[3, 64, 256, 0.001, 0.0001]
210, 1.000
[3, 64, 512, 0.001, 1e-06]
211, 0.991
[3, 32, 512, 0.001, 0.0001]
212, 0.980
[3, 32, 128, 0.001, 1e-05]
213, 1.000
[3, 64, 512, 0.01, 1e-06]
214, 0.990
[3, 32, 512, 0.01, 1e-05]
215, 0.970
[3, 32, 128, 0.01, 1e-06]
216, 1.000
[3, 64, 256, 0.01, 1e-05]
217, 0.996
[3, 16, 128, 0.01, 1e-05]
218, 0.991
[3, 64, 128, 0.01, 0.0001]
219, 0.959
[3, 16, 512, 0.01, 1e-06]
220, 0.995
[3, 32, 512, 0.01, 0.0001]
221, 0.985
[3, 64, 1024, 0.001, 1e-05]
222, 0.996
[3, 16, 128, 0.01, 1e-06]
223, 0.991
[3, 16, 256, 0.001, 0.0001]
224, 1.000
[3, 64, 512, 0.001, 1e-05]
225, 0.963
[3, 16, 128, 0.01, 0.0001]
226, 0.981
[3, 64, 256, 0.001, 1e-06]
227, 1.000
[3, 32, 512, 0.01, 1e-06]
228, 0.997
[3, 16, 512, 0.01, 0.0001]
229, 0.979
[3, 64, 512, 0.001, 1e-06]
230, 1.000
[3, 64, 256, 0.001, 1e-05]
231, 0.964
[3, 16, 128, 0.01, 1e-05]
232, 1.000
[3, 32, 512, 0.001, 0.0001]
233, 1.000
[3, 16, 256, 0.001, 0.0001]
234, 1.000
[3, 64, 256, 0.01, 1e-05]
235, 1.000
[3, 64, 128, 0.01, 1e-05]
236, 0.966
[3, 16, 512, 0.01, 1e-05]
237, 0.980
[3, 16, 1024, 0.01, 1e-06]
238, 0.992
[3, 16, 256, 0.001, 1e-06]
239, 1.000
[3, 64, 1024, 0.001, 1e-05]
240, 1.000
[3, 16, 128, 0.01, 1e-05]
241, 1.000
[3, 32, 256, 0.001, 1e-05]
242, 1.000
[3, 32, 512, 0.01, 1e-06]
243, 1.000
[3, 32, 1024, 0.001, 0.0001]
244, 1.000
[3, 64, 256, 0.001, 1e-05]
245, 1.000
[3, 16, 128, 0.001, 1e-05]
246, 0.980
[3, 64, 128, 0.01, 1e-05]
247, 0.999
[3, 16, 512, 0.01, 1e-06]
248, 0.967
[3, 64, 512, 0.001, 1e-06]
249, 1.000
[3, 32, 512, 0.01, 1e-06]
