0, [3, 32, 512, 0.001, 1e-06]
1, [3, 64, 1024, 0.01, 1e-06]
2, [3, 32, 128, 0.001, 1e-05]
3, [3, 64, 128, 0.001, 1e-05]
4, [3, 64, 512, 0.01, 1e-05]
5, [3, 64, 512, 0.01, 1e-05]
6, [3, 64, 1024, 0.01, 1e-05]
7, [3, 64, 128, 0.01, 1e-05]
8, [3, 32, 512, 0.001, 1e-05]
9, [3, 64, 512, 0.001, 1e-06]
10, [3, 64, 512, 0.01, 1e-05]
11, [3, 64, 512, 0.001, 1e-06]
12, [3, 64, 512, 0.001, 1e-05]
13, [3, 32, 512, 0.01, 1e-05]
14, [3, 64, 128, 0.001, 1e-06]
15, [3, 32, 1024, 0.01, 1e-06]
16, [3, 64, 128, 0.001, 1e-06]
17, [3, 64, 512, 0.01, 1e-06]
18, [3, 32, 256, 0.01, 1e-05]
19, [3, 64, 128, 0.01, 1e-06]
20, [3, 64, 1024, 0.01, 1e-05]
21, [3, 32, 1024, 0.01, 1e-05]
22, [3, 64, 512, 0.001, 1e-06]
23, [3, 64, 512, 0.001, 1e-05]
24, [3, 32, 512, 0.001, 1e-05]
25, [3, 32, 1024, 0.01, 1e-06]
26, [3, 32, 1024, 0.001, 1e-06]
27, [3, 64, 128, 0.001, 1e-06]
28, [3, 32, 1024, 0.01, 1e-05]
29, [3, 64, 1024, 0.001, 1e-06]
30, [3, 64, 128, 0.001, 1e-06]
31, [3, 64, 256, 0.001, 1e-05]
32, [3, 64, 1024, 0.01, 1e-06]
33, [3, 32, 128, 0.001, 1e-06]
34, [3, 64, 128, 0.01, 1e-06]
35, [3, 64, 512, 0.01, 1e-06]
36, [3, 32, 512, 0.01, 1e-06]
37, [3, 64, 1024, 0.001, 1e-05]
38, [3, 64, 1024, 0.01, 1e-05]
39, [3, 64, 512, 0.001, 1e-06]
40, [3, 32, 128, 0.001, 1e-05]
41, [3, 32, 512, 0.01, 1e-06]
42, [3, 32, 512, 0.01, 1e-05]
43, [3, 64, 1024, 0.01, 1e-06]
44, [3, 32, 1024, 0.001, 1e-06]
45, [3, 64, 1024, 0.001, 1e-06]
46, [3, 64, 512, 0.001, 1e-05]
47, [3, 32, 1024, 0.001, 1e-06]
48, [3, 32, 1024, 0.01, 1e-06]
49, [3, 32, 512, 0.01, 1e-06]
50, [3, 64, 1024, 0.01, 1e-05]
51, [3, 32, 512, 0.001, 1e-06]
52, [3, 64, 128, 0.01, 1e-06]
53, [3, 32, 512, 0.001, 1e-06]
54, [3, 64, 512, 0.001, 1e-05]
55, [3, 64, 1024, 0.01, 1e-05]
56, [3, 64, 1024, 0.01, 1e-05]
57, [3, 64, 512, 0.001, 1e-06]
58, [3, 64, 128, 0.001, 1e-06]
59, [3, 32, 128, 0.001, 1e-05]
60, [3, 64, 128, 0.001, 1e-05]
61, [3, 32, 1024, 0.001, 1e-05]
62, [3, 64, 512, 0.001, 1e-05]
63, [3, 32, 512, 0.01, 1e-05]
64, [3, 32, 128, 0.01, 1e-06]
65, [3, 64, 128, 0.01, 1e-06]
66, [3, 32, 512, 0.01, 1e-06]
67, [3, 32, 1024, 0.01, 1e-06]
68, [3, 32, 1024, 0.01, 1e-05]
69, [3, 32, 256, 0.001, 1e-06]
70, [3, 64, 512, 0.01, 1e-06]
71, [3, 32, 128, 0.001, 1e-06]
72, [3, 32, 512, 0.001, 1e-06]
73, [3, 64, 512, 0.01, 1e-05]
74, [3, 32, 512, 0.001, 1e-05]
75, [3, 32, 128, 0.001, 1e-06]
76, [3, 64, 512, 0.01, 1e-05]
77, [3, 64, 512, 0.01, 1e-06]
78, [3, 64, 128, 0.001, 1e-05]
79, [3, 32, 1024, 0.01, 1e-05]
80, [3, 64, 128, 0.01, 1e-05]
81, [3, 64, 512, 0.01, 1e-06]
82, [3, 32, 512, 0.01, 1e-05]
83, [3, 64, 512, 0.01, 1e-05]
84, [3, 32, 128, 0.001, 1e-06]
85, [3, 64, 512, 0.001, 1e-06]
86, [3, 32, 1024, 0.01, 1e-05]
87, [3, 64, 128, 0.001, 1e-05]
88, [3, 32, 512, 0.001, 1e-06]
89, [3, 64, 512, 0.001, 1e-05]
90, [3, 64, 512, 0.01, 1e-06]
91, [3, 32, 1024, 0.01, 1e-06]
92, [3, 32, 512, 0.001, 1e-05]
93, [3, 64, 128, 0.001, 1e-05]
94, [3, 64, 128, 0.001, 1e-05]
95, [3, 32, 512, 0.001, 1e-05]
96, [3, 64, 512, 0.001, 1e-05]
97, [3, 32, 512, 0.01, 1e-05]
98, [3, 32, 512, 0.001, 1e-06]
99, [3, 64, 128, 0.001, 1e-05]
100, [3, 64, 128, 0.001, 1e-05]
101, [3, 64, 512, 0.001, 1e-06]
102, [3, 64, 1024, 0.01, 1e-06]
103, [3, 32, 1024, 0.01, 1e-06]
104, [3, 32, 512, 0.001, 1e-05]
105, [3, 64, 128, 0.01, 1e-05]
106, [3, 32, 512, 0.01, 1e-06]
107, [3, 64, 512, 0.01, 1e-06]
108, [3, 32, 512, 0.001, 1e-06]
109, [3, 32, 512, 0.01, 1e-06]
110, [3, 64, 512, 0.01, 1e-06]
111, [3, 32, 1024, 0.001, 1e-06]
112, [3, 32, 512, 0.001, 1e-06]
113, [3, 32, 512, 0.001, 1e-06]
114, [3, 32, 512, 0.01, 1e-05]
115, [3, 64, 128, 0.01, 1e-05]
116, [3, 64, 128, 0.001, 1e-05]
117, [3, 32, 512, 0.001, 1e-06]
118, [3, 32, 512, 0.001, 1e-05]
119, [3, 32, 1024, 0.01, 1e-06]
120, [3, 64, 128, 0.01, 1e-05]
121, [3, 32, 512, 0.001, 1e-06]
122, [3, 32, 1024, 0.001, 1e-05]
123, [3, 64, 128, 0.001, 1e-05]
124, [3, 64, 512, 0.001, 1e-06]
