[3, 64, 1024, 0.01, 1e-05]
[3, 64, 128, 0.001, 1e-06]
[3, 64, 128, 0.001, 0.0001]
[3, 32, 256, 0.001, 1e-06]
[3, 64, 512, 0.001, 1e-05]
[3, 64, 1024, 0.01, 1e-05]
[3, 32, 128, 0.001, 0.0001]
[3, 64, 128, 0.01, 1e-06]
[3, 16, 1024, 0.01, 0.0001]
[3, 64, 1024, 0.01, 1e-05]
[3, 16, 128, 0.001, 0.0001]
[3, 32, 512, 0.01, 1e-06]
[3, 16, 1024, 0.01, 1e-05]
[3, 64, 128, 0.01, 1e-05]
[3, 16, 512, 0.01, 0.0001]
[3, 16, 1024, 0.01, 1e-05]
[3, 16, 128, 0.01, 0.0001]
[3, 64, 1024, 0.01, 1e-05]
[3, 32, 256, 0.01, 1e-06]
[3, 64, 512, 0.01, 1e-05]
[3, 32, 128, 0.001, 0.0001]
[3, 64, 128, 0.01, 1e-05]
[3, 64, 512, 0.01, 0.0001]
[3, 16, 128, 0.01, 1e-05]
[3, 16, 256, 0.01, 1e-06]
[3, 16, 128, 0.01, 1e-05]
[3, 16, 256, 0.01, 0.0001]
[3, 16, 1024, 0.01, 0.0001]
[3, 32, 128, 0.01, 1e-06]
[3, 32, 512, 0.01, 1e-06]
[3, 64, 512, 0.001, 0.0001]
[3, 32, 512, 0.001, 1e-06]
[3, 16, 1024, 0.01, 0.0001]
[3, 64, 1024, 0.01, 0.0001]
[3, 32, 128, 0.01, 0.0001]
[3, 32, 1024, 0.01, 0.0001]
[3, 64, 512, 0.01, 1e-06]
[3, 16, 256, 0.01, 1e-06]
[3, 32, 512, 0.01, 0.0001]
[3, 64, 512, 0.001, 1e-06]
[3, 64, 128, 0.01, 0.0001]
[3, 64, 128, 0.001, 0.0001]
[3, 32, 512, 0.001, 1e-06]
[3, 32, 128, 0.001, 1e-05]
[3, 16, 1024, 0.01, 1e-05]
[3, 32, 128, 0.01, 1e-05]
[3, 32, 1024, 0.01, 1e-06]
[3, 64, 128, 0.01, 1e-06]
[3, 64, 128, 0.01, 1e-05]
[3, 64, 128, 0.01, 1e-06]
[3, 32, 128, 0.01, 0.0001]
[3, 16, 512, 0.01, 1e-05]
[3, 64, 128, 0.01, 1e-05]
[3, 32, 512, 0.01, 1e-06]
[3, 32, 128, 0.001, 1e-06]
[3, 32, 128, 0.001, 1e-05]
[3, 64, 512, 0.001, 0.0001]
[3, 32, 512, 0.01, 1e-05]
[3, 64, 512, 0.001, 1e-05]
[3, 64, 128, 0.01, 1e-06]
[3, 16, 512, 0.01, 1e-05]
[3, 32, 512, 0.01, 1e-05]
[3, 16, 512, 0.01, 0.0001]
[3, 64, 1024, 0.01, 1e-05]
[3, 64, 128, 0.001, 0.0001]
[3, 32, 256, 0.01, 1e-06]
[3, 64, 1024, 0.01, 0.0001]
[3, 64, 512, 0.01, 0.0001]
[3, 64, 128, 0.001, 1e-05]
[3, 16, 128, 0.001, 0.0001]
[3, 32, 128, 0.01, 1e-06]
[3, 32, 128, 0.01, 1e-06]
[3, 64, 512, 0.01, 1e-06]
[3, 64, 512, 0.01, 0.0001]
[3, 32, 1024, 0.001, 1e-05]
[3, 16, 512, 0.01, 1e-05]
[3, 16, 128, 0.001, 1e-05]
[3, 32, 512, 0.01, 1e-06]
[3, 16, 256, 0.01, 1e-06]
[3, 32, 1024, 0.01, 1e-05]
[3, 64, 256, 0.01, 1e-05]
[3, 32, 1024, 0.01, 1e-05]
[3, 64, 128, 0.01, 0.0001]
[3, 32, 1024, 0.01, 1e-06]
[3, 16, 128, 0.001, 1e-06]
[3, 16, 512, 0.01, 1e-06]
[3, 16, 1024, 0.01, 1e-06]
[3, 32, 128, 0.01, 1e-06]
[3, 16, 256, 0.01, 1e-05]
[3, 64, 128, 0.001, 1e-05]
[3, 64, 256, 0.01, 1e-06]
[3, 16, 128, 0.01, 1e-05]
[3, 64, 512, 0.01, 1e-06]
[3, 64, 256, 0.001, 1e-06]
[3, 64, 512, 0.001, 0.0001]
[3, 32, 128, 0.001, 0.0001]
[3, 32, 1024, 0.01, 1e-05]
[3, 32, 128, 0.01, 0.0001]
[3, 64, 256, 0.01, 1e-06]
[3, 16, 256, 0.01, 1e-06]
[3, 16, 512, 0.01, 1e-05]
[3, 16, 1024, 0.01, 1e-06]
[3, 32, 512, 0.001, 1e-05]
[3, 32, 128, 0.01, 0.0001]
[3, 64, 512, 0.001, 1e-06]
[3, 16, 512, 0.01, 0.0001]
[3, 32, 128, 0.001, 1e-06]
[3, 16, 1024, 0.01, 0.0001]
[3, 32, 128, 0.01, 0.0001]
[3, 64, 1024, 0.01, 0.0001]
[3, 64, 256, 0.01, 1e-06]
[3, 16, 128, 0.01, 0.0001]
[3, 64, 256, 0.01, 1e-05]
[3, 64, 512, 0.001, 1e-06]
[3, 16, 512, 0.01, 0.0001]
[3, 64, 512, 0.01, 1e-05]
[3, 64, 512, 0.01, 0.0001]
[3, 64, 512, 0.01, 1e-05]
[3, 64, 1024, 0.01, 1e-06]
[3, 64, 512, 0.01, 1e-06]
[3, 32, 512, 0.01, 1e-06]
[3, 16, 512, 0.01, 1e-06]
[3, 16, 128, 0.001, 1e-06]
[3, 32, 128, 0.01, 1e-06]
[3, 32, 512, 0.01, 1e-05]
